4 0.20390625 0.61015625 0.1484375 0.2109375
4 0.540625 0.72734375 0.1734375 0.19375
4 0.53828125 0.5390625 0.1359375 0.1296875
4 0.703125 0.54453125 0.1015625 0.2125
4 0.26953125 0.3375 0.1484375 0.1515625
4 0.6953125 0.34609375 0.1578125 0.1296875
4 0.878125 0.85546875 0.05 0.090625
4 0.26953125 0.83359375 0.115625 0.140625
4 0.059375 0.65 0.090625 0.159375
4 0.07734375 0.30078125 0.0671875 0.0609375
4 0.05078125 0.16328125 0.06875 0.1546875
4 0.22890625 0.353125 0.1828125 0.1421875
4 0.3921875 0.15078125 0.15625 0.146875
4 0.628125 0.14609375 0.2703125 0.1375