4 0.28359375 0.046875 0.159375 0.09375
4 0.75 0.153125 0.3109375 0.2671875
4 0.4609375 0.415625 0.49375 0.396875
4 0.7609375 0.65703125 0.1359375 0.1015625
4 0.92890625 0.49296875 0.06875 0.09375
4 0.940625 0.684375 0.090625 0.1015625
4 0.9234375 0.86875 0.153125 0.184375
4 0.63046875 0.84375 0.171875 0.1078125
4 0.17109375 0.9140625 0.078125 0.1
4 0.29296875 0.946875 0.1015625 0.10625
4 0.1421875 0.68984375 0.278125 0.1734375
4 0.45859375 0.9359375 0.096875 0.1046875
4 0.0921875 0.54765625 0.1078125 0.1046875