4 0.671875 0.528125 0.165625 0.2671875
4 0.3015625 0.52109375 0.090625 0.0671875
4 0.4625 0.73984375 0.0546875 0.0578125
4 0.51640625 0.65859375 0.0421875 0.04375
4 0.43359375 0.5140625 0.0421875 0.075
4 0.4984375 0.375 0.0546875 0.0609375
4 0.33203125 0.31875 0.0578125 0.06875
4 0.1375 0.2703125 0.04375 0.0390625
4 0.49140625 0.296875 0.0796875 0.053125
4 0.40078125 0.22734375 0.053125 0.046875
4 0.540625 0.17265625 0.0421875 0.0140625
4 0.8671875 0.43828125 0.04375 0.04375
4 0.77265625 0.38203125 0.0359375 0.06875
4 0.71015625 0.69453125 0.0609375 0.04375