4 0.71640625 0.953125 0.159375 0.09375
4 0.25 0.846875 0.3109375 0.2671875
4 0.5390625 0.584375 0.49375 0.396875
4 0.2390625 0.34296875 0.134375 0.1015625
4 0.07109375 0.50703125 0.06875 0.09375
4 0.059375 0.315625 0.090625 0.1015625
4 0.0765625 0.13125 0.153125 0.184375
4 0.36953125 0.15625 0.171875 0.1078125
4 0.82890625 0.0859375 0.078125 0.1
4 0.70703125 0.053125 0.1015625 0.10625
4 0.8578125 0.31015625 0.278125 0.1734375
4 0.54140625 0.0640625 0.096875 0.1046875
4 0.9078125 0.45234375 0.1078125 0.1046875