4 0.79609375 0.38984375 0.1484375 0.2125
4 0.459375 0.27265625 0.1734375 0.19375
4 0.46171875 0.4609375 0.1359375 0.1296875
4 0.296875 0.45546875 0.1015625 0.2125
4 0.73046875 0.6625 0.1484375 0.1515625
4 0.3046875 0.65390625 0.1578125 0.1296875
4 0.121875 0.14453125 0.05 0.090625
4 0.73046875 0.16640625 0.115625 0.140625
4 0.940625 0.35 0.090625 0.159375
4 0.92265625 0.69921875 0.0671875 0.0609375
4 0.94921875 0.83671875 0.06875 0.1546875
4 0.77109375 0.646875 0.1828125 0.14375
4 0.6078125 0.84921875 0.1578125 0.1453125
4 0.371875 0.85390625 0.2703125 0.1375